           -c                   -s                    -n                 -m               -r                 -u
1         0
2         1
3         20
4         1000000
5         1000001
6                               game.txt
7                               invaild.txt
8                                                       0
9                                                       1
10                                                     20
11                                                     10000
12                                                     10001
13                                                     10                2
14                                                     10                4
15                                                     10                                    20-55
16                                                     10                                    19-55
17                                                     10                                    20-56
18                                                     10                                    19-56
19                                                     1                                                          -u
